100 -20 120 -20
80 -40 100 -20
120 -20 140 -40
140 -40 140 -60
140 -60 120 -80
120 -80 120 -90
70 -90 150 -90
150 -90 170 -70
170 -70 170 -60
170 -60 190 -40
190 -40 190 -60
190 -60 150 -100
150 -100 150 -130
150 -130 130 -150
130 -150 90 -150 
130 -150 150 -170
150 -170 150 -240
150 -240 140 -240
140 -240 140 -250
140 -250 150 -250
150 -250 150 -270
150 -270 130 -250
130 -250 130 -240
130 -240 120 -240
120 -240 120 -190
120 -190 100 -190
100 -190 100 -240
100 -240 90 -240
90 -240 90 -250
90 -250 70 -270
70 -270 70 -250
70 -250 80 -250
80 -250 80 -240
80 -240 70 -240
70 -240 70 -170
70 -170 90 -150
90 -150 70 -130
70 -130 70 -100
70 -100 50 -120
50 -120 50 -130
50 -130 30 -150
30 -150 30 -130
30 -130 70 -90
90 -90 110 -110 
110 -110 130 -90 
130 -50 130 -40 
130 -40 120 -40 
120 -40 120 -50 
120 -50 130 -50 
100 -50 100 -40 
100 -40 90 -40 
90 -40 90 -50 
90 -50 100 -50
120 -70 120 -60 
120 -60 100 -60 
100 -60 100 -70 
100 -70 120 -70 
100 -90 100 -80
100 -80 80 -60
80 -60 80 -40